err_svd=[1.15378e-15; 6.57754e-15; 1.02543e-13; 6.13729e-13; 1.49657e-12; 2.54827e-12; 8.20124e-11; 1.43082e-09; 4.35859e-09; 5.97035e-08; 2.2174e-07; 8.02386e-07; 4.8832e-07; ];
err_eig  =[5.61018e-14; 2.04561e-13; 1.51801e-11; 1.52852e-09; 4.29765e-08; 4.44987e-06; 0.000107995; 0.000596873; 0.000102969; 0.000164835; 0.000854782; 0.00197573; 0.00124024; ];
times_svd=[3.957e-06; 2.284e-06; 4.588e-06; 5.594e-06; 7.371e-06; 9.81e-06; 1.216e-05; 1.4078e-05; 1.6067e-05; 1.6969e-05; 2.0296e-05; 2.3201e-05; 2.6127e-05; ];
times_eig=[1.026e-06; 1.08e-06; 1.589e-06; 2.173e-06; 3.131e-06; 4.097e-06; 5.476e-06; 7.047e-06; 7.775e-06; 1.0059e-05; 1.2239e-05; 1.42e-05; 1.6309e-05; ];
